   -1       2.813697e-05 2.668151e-05 7.506769e-05 5.910004e-05 7.464238e-05 1.229041e-04 1.240488e-04 2.034181e-04 
2.813697e-05      -1       2.499258e-05 2.449859e-05 2.552156e-05 5.717251e-05 5.656096e-05 7.419440e-05 1.205352e-04 
2.668151e-05 2.499258e-05      -1       5.420541e-05 2.403763e-05 2.576454e-05 6.782699e-05 5.595098e-05 1.161348e-04 
7.506769e-05 2.449859e-05 5.420541e-05      -1       2.622266e-05 7.228441e-05 2.796832e-05 6.035225e-05 7.716297e-05 
5.910004e-05 2.552156e-05 2.403763e-05 2.622266e-05      -1       2.493324e-05 2.489596e-05 2.658529e-05 5.768482e-05 
7.464238e-05 5.717251e-05 2.576454e-05 7.228441e-05 2.493324e-05      -1       5.226389e-05 2.450731e-05 6.913618e-05 
1.229041e-04 5.656096e-05 6.782699e-05 2.796832e-05 2.489596e-05 5.226389e-05      -1       2.452231e-05 2.568258e-05 
1.240488e-04 7.419440e-05 5.595098e-05 6.035225e-05 2.658529e-05 2.450731e-05 2.452231e-05      -1       2.506529e-05 
2.034181e-04 1.205352e-04 1.161348e-04 7.716297e-05 5.768482e-05 6.913618e-05 2.568258e-05 2.506529e-05      -1 
