     -1      9.298172e-08 7.497411e-08 3.459033e-07 8.348754e-08 3.903317e-07 7.943490e-07 2.771206e-07 2.683181e-07 8.253466e-07 6.382000e-07 3.720710e-07 6.127699e-07 6.302249e-07 6.376379e-07 8.419801e-07
9.298172e-08      -1      2.468766e-07 8.044882e-08 8.107931e-08 6.667414e-07 3.439966e-07 9.224924e-08 3.687522e-07 1.196465e-06 2.679504e-07 2.841777e-07 7.838922e-07 3.510232e-07 6.312876e-07 6.624020e-07
7.497411e-08 2.468766e-07      -1      5.625482e-07 8.169682e-08 1.231840e-07 1.087966e-06 3.427406e-07 9.021103e-08 4.030903e-07 7.903252e-07 2.665679e-07 2.818936e-07 6.181176e-07 3.774962e-07 6.458644e-07
3.459033e-07 8.044882e-08 5.625482e-07      -1      2.350144e-07 1.066080e-06 9.192893e-08 7.605882e-08 6.061688e-07 1.673334e-06 8.053249e-08 3.462726e-07 1.075857e-06 2.367829e-07 7.582436e-07 6.278458e-07
8.348754e-08 8.107931e-08 8.169682e-08 2.350144e-07      -1      3.018339e-07 5.871102e-07 8.994580e-08 1.040098e-07 6.697327e-07 3.638214e-07 1.037904e-07 3.611161e-07 2.761022e-07 2.903357e-07 3.962661e-07
3.903317e-07 6.667414e-07 1.231840e-07 1.066080e-06 3.018339e-07      -1      1.693506e-06 6.526929e-07 8.414724e-08 8.081484e-08 1.214398e-06 3.570480e-07 8.026703e-08 8.316029e-07 2.697880e-07 6.234600e-07
7.943490e-07 3.439966e-07 1.087966e-06 9.192893e-08 5.871102e-07 1.693506e-06      -1      2.466080e-07 1.058813e-06 2.393450e-06 6.686616e-08 6.115743e-07 1.597207e-06 3.120290e-07 1.103079e-06 8.003237e-07
2.771206e-07 9.224924e-08 3.427406e-07 7.605882e-08 8.994580e-08 6.526929e-07 2.466080e-07      -1      2.834417e-07 1.103626e-06 9.266091e-08 9.780953e-08 5.993373e-07 8.346458e-08 3.540305e-07 2.891768e-07
2.683181e-07 3.687522e-07 9.021103e-08 6.061688e-07 1.040098e-07 8.414724e-08 1.058813e-06 2.834417e-07      -1      2.687529e-07 6.687594e-07 9.559074e-08 7.814857e-08 3.876071e-07 1.002939e-07 2.912121e-07
8.253466e-07 1.196465e-06 4.030903e-07 1.673334e-06 6.697327e-07 8.081484e-08 2.393450e-06 1.103626e-06 2.687529e-07      -1      1.767471e-06 6.303430e-07 1.077256e-07 1.214374e-06 3.831089e-07 8.156391e-07
6.382000e-07 2.679504e-07 7.903252e-07 8.053249e-08 3.638214e-07 1.214398e-06 6.686616e-08 9.266091e-08 6.687594e-07 1.767471e-06      -1      2.958848e-07 1.063378e-06 9.001236e-08 6.414655e-07 4.045675e-07
3.720710e-07 2.841777e-07 2.665679e-07 3.462726e-07 1.037904e-07 3.570480e-07 6.115743e-07 9.780953e-08 9.559074e-08 6.303430e-07 2.958848e-07      -1      2.376090e-07 9.904330e-08 7.973783e-08 9.462963e-08
6.127699e-07 7.838922e-07 2.818936e-07 1.075857e-06 3.611161e-07 8.026703e-08 1.597207e-06 5.993373e-07 7.814857e-08 1.077256e-07 1.063378e-06 2.376090e-07      -1      6.152137e-07 8.477477e-08 3.315354e-07
6.302249e-07 3.510232e-07 6.181176e-07 2.367829e-07 2.761022e-07 8.316029e-07 3.120290e-07 8.346458e-08 3.876071e-07 1.214374e-06 9.001236e-08 9.904330e-08 6.152137e-07      -1      2.752495e-07 1.129292e-07
6.376379e-07 6.312876e-07 3.774962e-07 7.582436e-07 2.903357e-07 2.697880e-07 1.103079e-06 3.540305e-07 1.002939e-07 3.831089e-07 6.414655e-07 7.973783e-08 8.477477e-08 2.752495e-07      -1      8.106884e-08
8.419801e-07 6.624020e-07 6.458644e-07 6.278458e-07 3.962661e-07 6.234600e-07 8.003237e-07 2.891768e-07 2.912121e-07 8.156391e-07 4.045675e-07 9.462963e-08 3.315354e-07 1.129292e-07 8.106884e-08      -1     
