-1      1.813697e-07 1.668151e-07 6.506769e-07 4.910004e-07 6.464238e-07 1.129041e-06 1.140488e-06 1.934181e-06
1.813697e-07      -1      1.499258e-07 1.449859e-07 1.552156e-07 4.717251e-07 4.656096e-07 6.419440e-07 1.105352e-06
1.668151e-07 1.499258e-07      -1      4.420541e-07 1.403763e-07 1.576454e-07 5.782699e-07 4.595098e-07 1.061348e-06
6.506769e-07 1.449859e-07 4.420541e-07      -1      1.622266e-07 6.228441e-07 1.796832e-07 5.035225e-07 6.716297e-07
4.910004e-07 1.552156e-07 1.403763e-07 1.622266e-07      -1      1.493324e-07 1.489596e-07 1.658529e-07 4.768482e-07
6.464238e-07 4.717251e-07 1.576454e-07 6.228441e-07 1.493324e-07      -1      4.226389e-07 1.450731e-07 5.913618e-07
1.129041e-06 4.656096e-07 5.782699e-07 1.796832e-07 1.489596e-07 4.226389e-07      -1      1.452231e-07 1.568258e-07
1.140488e-06 6.419440e-07 4.595098e-07 5.035225e-07 1.658529e-07 1.450731e-07 1.452231e-07      -1      1.506529e-07
1.934181e-06 1.105352e-06 1.061348e-06 6.716297e-07 4.768482e-07 5.913618e-07 1.568258e-07 1.506529e-07      -1
